array([1.00000000e-200, 1.00000000e-200, 1.00000000e-200, 1.00000000e-200,
       1.00000000e-200, 1.00000000e-200, 1.00000000e-200, 1.00000000e-200,
       1.00000000e-200, 1.00000000e-200, 1.18022451e-196, 1.93418562e-181,
       1.42013469e-167, 6.15226161e-155, 2.02115880e-143, 6.32915136e-133,
       2.32680022e-123, 1.21433455e-114, 1.06971264e-106, 1.86235897e-099,
       7.39901490e-093, 7.64726991e-087, 2.31694542e-081, 2.29438762e-076,
       8.20029733e-072, 1.15783715e-067, 7.01252203e-064, 1.96377640e-060,
       2.72277054e-057, 1.98942869e-054, 8.10849916e-052, 1.94153016e-049,
       2.86304321e-047, 2.71421854e-045, 1.72015372e-043, 7.55114489e-042,
       2.37115378e-040, 5.48351647e-039, 9.58860781e-038, 1.29842399e-036,
       1.39143220e-035, 1.20360775e-034, 8.55736006e-034, 5.08439230e-033,
       2.56327998e-032, 1.11195390e-031, 4.20413971e-031, 1.40175985e-030,
       4.16628663e-030, 1.11473421e-029, 2.70922307e-029, 6.03014699e-029,
       1.23842381e-028, 2.36279779e-028, 4.21402668e-028, 7.06537923e-028,
       1.11937583e-027, 1.68362314e-027, 2.41421490e-027, 3.31304321e-027,
       4.36585016e-027, 5.54162797e-027, 6.79351683e-027, 8.06220229e-027,
       9.28062269e-027, 1.03799042e-026, 1.12940993e-026, 1.19670044e-026,
       1.23554575e-026, 1.24337701e-026, 1.21937723e-026, 1.16477678e-026,
       1.08228839e-026, 9.76817565e-027, 8.53943901e-027, 7.20201909e-027,
       5.83677643e-027, 4.51198481e-027, 3.29898575e-027, 2.25749062e-027,
       1.42958370e-027, 8.29963700e-028, 4.42569932e-028, 2.21024940e-028,
       1.06847549e-028, 5.15837388e-029, 2.53691245e-029, 1.28313448e-029,
       6.69802406e-030, 3.61139613e-030, 2.01043069e-030, 1.15447229e-030,
       6.83004782e-031, 4.15829306e-031, 2.60217614e-031, 1.67164418e-031,
       1.10092011e-031, 7.42618381e-032, 5.12424881e-032, 3.61291175e-032])
       
       
[0.00011474 0.0001202  0.00012593 0.00013192 0.00013821 0.00014479
 0.00015168 0.0001589  0.00016647 0.0001744  0.0001827  0.0001914
 0.00020051 0.00021006 0.00022006 0.00023054 0.00024152 0.00025302
 0.00026507 0.00027769 0.00029091 0.00030476 0.00031927 0.00033448
 0.0003504  0.00036709 0.00038457 0.00040288 0.00042206 0.00044216
 0.00046321 0.00048527 0.00050837 0.00053258 0.00055794 0.00058451
 0.00061234 0.00064149 0.00067204 0.00070404 0.00073756 0.00077268
 0.00080947 0.00084802 0.0008884  0.0009307  0.00097501 0.00102144
 0.00107008 0.00112103 0.00117441 0.00123033 0.00128891 0.00135028
 0.00141458 0.00148194 0.0015525  0.00162642 0.00170387 0.001785
 0.00186999 0.00195903 0.00205231 0.00215003 0.00225241 0.00235966
 0.00247202 0.00258972 0.00271304 0.00284222 0.00297755 0.00311933
 0.00326786 0.00342346 0.00358647 0.00375725 0.00393615 0.00412357
 0.00431992 0.00452562 0.00474111 0.00496686 0.00520336 0.00545112
 0.00571068 0.0059826  0.00626746 0.00656589 0.00687853 0.00720606
 0.00754918 0.00790864 0.00828522 0.00867973 0.00909302 0.00952599
 0.00997957 0.01045476 0.01095257 0.01147409]
